00100100100000000000000000000000000000000000000000000
00000100100000110001000001000000000000000000000000000
00000111011000000000100001101100000000000000000000000
00000110001000000000100001101100000000000000000000000
00110101000000000000000000000000000000000000000000000
00000100100000110001000001000001000000000000000000000
00000110011000000000100001101100000100000000000000000
00000101111000000000100001101100000100000000000000000
00001100101000000000000000000000000000000000000000000
00000100100000110001000001000010000000000000000000000
00000100100000000000000000000000000000000000000000000
00000100100000000000000000000000000000000000000000000
00000100100000001000001001100000000000000000000000000
00000100100000110000010001000000000000000000000000000
00000100100000100000100000010100000100000000000000000
00000111001000000000100000000000000000000000000000000
00010100000000000000000000000000111000000000000000000
00010100010000000000000000000000110000000000000000000
01101011111000001100000000000000000000000000000000000
01101011111000001100000000000000000000000000000000000
00000100100000101100001011100000000000000000000000000
00000100100000101100001010011000000100000000000000000
00000100100000001000001000010000000100000000000000000
00000100000100000001000000000011001000000000000000000
00000100010100000001000000000011000000000000000000000
00010110010100000000000000000000101000000000000000000
00000100100000100000000000000000000000000001000100000
00000100100000110010000000000000001000000000000000000
00010111000100100100000010000000101000000000000000000
00010111010100000000000000000000100000000000000000000
00000100100000001010000100000000001000000000000000000
00000100100000110010000000000000000000000000000000000
10000000000001000000000000000000000000000000000000000
00011000010100000000000000000000101000000000000000000
00000100100000000000000000000000000010000000000000000
00001000000010000010000000000000001000000000000000000
00001001101000000000000000000000000000000100000100000
00000100110000000000000000000000000000000000000000000
00011001100000000000000000000000111000000000000000000
00000100100000000000000000000000000000000000000000000
00001100011000000000000000000000000000000100000100000
00011010010000000000000000000000111000000000000000000
01001001000100000100000100000000001000000000000001011
00001011101000000000000000000000000000000000000000100
00001001000000100000000000000000000000000100010010000
00000100100000000000000000000000000000000000000000000
00011011100100000000000000000000101000000000000000000
00001000010000000000000000000000000000000000000000000
00000100100000001010000100000000001000000000000000000
00001010010100000000000000000000001011000000000000000
00011100100100000000000000000000101000000000000000000
00000100100000000000000000000000000000000000000000000
00001101010000000010000000000000001010100000000000000
00001101101000000000000000000000000000000100100100001
00011101100100000000000000000000101000000000000000000
01000100100100000000000000000000101000000000000000000
00001101110000001010000100000000001000000000100100001
00000100100000000000000000000000000000000000000000000
00000100100000000000000000000000000000000000000000000
01001001000100001100001100000000001000000000000001001
01001001000100001100001100000000001000000000000001001
00000100100000000000000000000000000000000000000000000
00000100100000000000000000000000000000000000000000000
01001001000100000100001100000000001000000000000001010