001001001000000000000000000000000000000000000000000000000000
000001001000001100010000010000000000000000000000000000000000
000001110110000000001000011011000000000000000000000000010000
000001100010000000001000011011000000000000000000000000010000
001101010000000000000000000000000000000000000000000000000000
000001001000001100010000010000010000000000000000000000000000
000001100110000000001000011011000001000000000000000000010000
000010111110000000001000011011000001000000000000000000010000
000011001010000000000000000000000000000000000000000000010000
000001001000001100010000010000100000000000000000000000000000
000001001000000000000000000000000000000000000000000000000000
000001001000000000000000000000000000000000000000000000000000
000001001000000010000010011000000000000000000000000000000000
000001001000001100000100010000000000000000000000000000000000
000001001000001000001000000101000001000000000000000000000000
000001110010000000001000000000000000000000000000000000010000
000101000000000000000000000000001110000000000000000000000000
000101000100000000000000000000001100000000000000000000000000
011010111110000011000000000000000000000000000000000000010001
011010111110000011000000000000000000000000000000000000010001
000001001000001011000010111000000000000000000000000000000000
000001001000001011000010100110000001000000000000000000000000
000001001000000010000010000100000001000000000000000000000000
000001000001000000010000000000110010000000000000000000000000
000001000101000000010000000000110000000000000000000000000000
000101100101000000000000000000001010000000000000000000000000
000001001000001000000000000000000000000000010001000000000000
000001001000001100100000000000000010000000000000000000000000
000101110001001001000000100000001010000000000000000000000000
000101110101000000000000000000001000000000000000000000000000
000001001000000010100001000000000010000000000000000000000000
000001001000001100100000000000000000000000000000000000000000
100000000000010000000000000000000000000000000000000000000000
000110000101000000000000000000001010000000000000000000000000
000001001000000000000000000000000000100000000000000000000000
000010000000100000100000000000000010000000000000000000000000
000011001110000000000000000000000000000001000001000000010001
000110010101000000000000000000001010000000000000000000000000
000110011000000000000000000000001110000000000000000000000000
000011100100000000100000000000000000000000000000000000001100
000011001110000000000000000000000000000001000001000000010001
000110100100000000000000000000001110000000000000000000000000
000010011001000000000000000000000000000000000000000000000010
000010111110000000000000000000000000000000000000001000010000
000010010000001000000000000000000000000001000100100000000000
000001001000000000000000000000000000000000000000000000000000
000110111001000000000000000000001010000000000000000000000000
000010010110000000000000000000000000000000000000000001000000
000001001000000010100001000000000010000000000000000000000000
000010100101000000000000000000000010110000000000000000000000
000111001001000000000000000000001010000000000000000000000000
000011110010000000000000000000000000000000000000000001000000
000011010100000000100000000000000010101000000000000000000000
000011011010000000000000000000000000000001001001000010010000
000111011001000000000000000000001010000000000000000000000000
010001001001000000000000000000001010000000000000000000000000
000011011100000010100001000000000010000000001001000010000000
000111100100000000000000000000001010000000000000000000000000
000010110001000011000000000000000010000000000000001000000000
000010000110000000000000000000000000000000000000000000000100
000111110000000000000000000000001110000000000000000000000000
010010010001000011000011000000000010000000000000010010000000
000011100100000000100000000000000000000000000000000000001100
010010010001000001000011000000000010000000000000010100000000